# legal=489 settled=30 kob=189 kow=189 sweeps=6
0 0 0 -6 6 -6 6 0 6 -6 0 -128
1 0 -6 -6 6 -6 -6 -6 6 -6 -6 -128
2 0 6 6 6 -6 6 6 6 -6 6 6
3 0 -6 -6 6 -6 -6 -6 6 -6 -6 -128
4 0 6 6 6 -6 6 6 6 -6 6 6
5 0 -6 -6 6 -6 -6 -6 6 -6 -6 -128
6 0 6 6 6 -6 6 6 6 -6 6 6
7 0 -6 -6 6 -6 -6 -6 6 -6 -6 -128
8 0 6 6 6 -6 6 6 6 -6 6 6
9 0 -6 -6 6 -6 -6 -6 6 -6 -6 -128
10 0 6 6 6 -6 6 6 6 -6 6 6
11 0 -6 -6 6 -6 -6 -6 6 -6 -6 -128
12 0 6 6 6 -6 6 6 6 -6 6 6
13 0 -6 -6 6 -6 -6 -6 6 -6 -6 -128
14 0 0 -6 6 -6 -6 0 6 -6 -6 -128
15 0 0 6 6 -6 6 6 6 -6 0 6
16 0 6 6 6 -6 6 6 6 -6 6 6
17 0 -6 -6 6 -6 -6 -6 6 -6 -6 -128
18 0 0 6 6 -6 -6 6 6 -6 -6 6
19 0 0 6 6 -6 -6 6 6 -6 -6 6
20 0 6 6 6 -6 6 6 6 -6 6 6
21 0 -6 -6 6 -6 -6 -6 6 -6 -6 -128
22 0 0 6 6 -6 6 6 6 -6 0 6
23 0 0 -6 6 -6 -6 0 6 -6 -6 -128
24 0 6 6 6 -6 6 6 6 -6 6 6
25 0 -6 6 6 -6 -3 6 6 -6 -6 6
26 0 0 6 6 -6 -6 6 6 -6 -6 6
27 0 0 6 6 -6 -6 6 6 -6 -6 6
28 0 6 3 6 -6 -6 6 6 -6 -6 -128
29 0 -6 -6 -6 -6 -6 -6 -6 -6 -6 -6
30 0 0 6 6 -6 6 6 6 -6 0 6
31 0 0 -6 6 -6 -6 0 6 -6 -6 -128
32 0 6 6 6 6 6 6 6 6 6 6
33 0 -6 -6 6 -6 -6 -6 6 -6 -6 -128
34 0 0 6 6 -6 -6 6 6 -6 -6 6
35 0 0 6 6 -6 -6 6 6 -6 -6 6
36 0 6 6 6 -6 6 6 6 -6 6 6
37 0 -6 -6 -6 -6 -6 -6 -6 -6 -6 -6
38 0 0 -6 6 -6 -6 0 6 -6 -6 -128
39 0 0 6 6 -6 6 6 6 -6 0 6
40 0 6 6 6 6 6 6 6 6 6 6
41 1 -6 -6 -6 -6 -6 -6 -6 -6 -6 -6
42 0 0 -6 6 -6 6 0 6 -6 0 -128
43 0 0 -6 6 -6 6 0 6 -6 0 -128
44 1 6 6 6 6 6 6 6 6 6 6
45 0 -6 -6 -6 -6 -6 -6 -6 -6 -6 -6
46 0 0 -6 6 -6 -6 0 6 -6 -6 -128
47 0 0 6 6 -6 6 6 6 -6 0 6
48 0 6 6 6 6 6 6 6 6 6 6
49 0 -6 -6 6 -6 -6 -6 6 -6 -6 -128
50 0 0 -6 6 -6 -6 0 6 -6 -6 -128
51 0 0 6 6 -6 6 6 6 -6 0 6
52 0 6 6 6 -6 6 6 6 -6 6 6
53 0 -6 -6 6 -6 -6 -6 6 -6 -6 -128
54 0 0 6 6 -6 -6 6 6 -6 -6 6
55 0 0 6 6 -6 -6 6 6 -6 -6 6
56 0 6 6 6 -6 6 6 6 -6 6 6
57 0 -6 -6 -6 -6 -6 -6 -6 -6 -6 -6
58 0 0 6 6 -6 6 6 6 -6 0 6
59 0 0 -6 6 -6 -6 0 6 -6 -6 -128
60 0 6 6 6 6 6 6 6 6 6 6
61 0 -6 6 6 -6 -3 6 6 -6 -6 6
62 0 0 6 6 -6 -6 6 6 -6 -6 6
63 0 0 6 6 -6 -6 6 6 -6 -6 6
64 0 6 3 6 -6 -6 6 6 -6 -6 -128
65 0 -6 -6 6 -6 -6 -6 6 -6 -6 -128
66 0 0 6 6 -6 -6 6 6 -6 -6 6
67 0 0 6 6 -6 -6 6 6 -6 -6 6
68 0 6 6 6 -6 6 6 6 -6 6 6
69 0 -6 -6 6 -6 -6 -6 6 -6 -6 -128
70 0 0 6 6 -6 6 6 6 -6 0 6
71 0 0 -6 6 -6 -6 0 6 -6 -6 -128
72 0 6 6 6 -6 6 6 6 -6 6 6
73 0 -6 -6 6 -6 -6 -6 6 -6 -6 -128
74 0 -1 -6 6 -6 -6 -1 6 -6 -6 -128
75 0 -1 6 6 -6 -6 6 6 -6 -6 6
76 0 1 6 6 -6 6 6 6 -6 1 6
77 0 -1 -6 6 -6 -6 -1 6 -6 -6 -128
78 0 1 6 6 -6 -6 6 6 -6 -6 6
79 0 1 6 6 -6 6 6 6 -6 1 6
80 0 6 6 6 -6 6 6 6 -6 6 6
81 0 -6 -6 -3 -6 -6 -6 -3 -6 -6 -128
83 0 -1 6 6 6 6 6 6 -1 -1 6
84 0 1 6 6 6 6 6 6 1 1 6
85 0 -1 -6 -6 -6 -6 -1 -1 -6 -6 -6
86 0 1 -6 -6 -6 -6 1 1 -6 -6 -6
88 0 6 6 6 3 6 6 6 3 6 6
89 0 -6 -6 6 -6 -6 -6 6 -6 -6 -128
90 0 -1 6 6 -6 -6 6 6 -6 -6 6
91 0 -1 6 6 -6 6 6 6 -6 -1 6
92 0 1 6 6 -6 -6 6 6 -6 -6 6
93 0 -1 6 6 -6 -6 6 6 -6 -6 6
94 0 1 -6 6 -6 -6 1 6 -6 -6 -128
95 0 1 6 6 -6 -6 6 6 -6 -6 6
96 0 6 6 6 -6 6 6 6 -6 6 6
97 0 -6 -6 -6 -6 -6 -6 -6 -6 -6 -6
98 0 -1 6 6 -6 6 6 6 -6 -1 6
99 0 -2 -6 -6 -6 -6 -2 -2 -6 -6 -6
100 0 1 6 6 -6 6 6 6 -6 1 6
101 0 -1 -6 6 -6 -6 -1 6 -6 -6 -128
102 0 2 6 6 6 6 6 6 2 2 6
103 0 1 -6 6 -6 -6 1 6 -6 -6 -128
104 0 6 6 6 6 6 6 6 6 6 6
105 1 -6 -6 -6 -6 -6 -6 -6 -6 -6 -6
106 0 -3 -6 -6 -6 -6 -3 -3 -6 -6 -6
107 0 -2 -6 6 -6 -6 -2 6 -6 -6 -128
108 0 1 -6 6 -6 6 1 6 -6 1 -128
109 0 -1 -6 6 -6 6 -1 6 -6 -1 -128
110 0 2 6 6 -6 6 6 6 -6 2 6
111 0 3 6 6 6 6 6 6 3 3 6
112 1 6 6 6 6 6 6 6 6 6 6
113 1 -6 -6 -6 -6 -6 -6 -6 -6 -6 -6
114 0 -2 -6 -6 -6 -6 -2 -2 -6 -6 -6
115 0 -2 -6 -6 -6 -6 -2 -2 -6 -6 -6
116 0 1 -6 6 -6 -6 1 6 -6 -6 -128
117 0 -1 6 6 -6 6 6 6 -6 -1 6
118 0 2 6 6 6 6 6 6 2 2 6
119 0 2 6 6 6 6 6 6 2 2 6
120 1 6 6 6 6 6 6 6 6 6 6
121 1 -6 -6 -6 -6 -6 -6 -6 -6 -6 -6
122 0 -2 -6 6 -6 -6 -2 6 -6 -6 -128
123 0 -3 -6 -6 -6 -6 -3 -3 -6 -6 -6
124 0 1 -6 6 -6 6 1 6 -6 1 -128
125 0 -1 -6 6 -6 6 -1 6 -6 -1 -128
126 0 3 6 6 6 6 6 6 3 3 6
127 0 2 6 6 -6 6 6 6 -6 2 6
128 1 6 6 6 6 6 6 6 6 6 6
129 0 -6 -6 -3 -6 -6 -6 -3 -6 -6 -128
130 0 -1 -6 -6 -6 -6 -1 -1 -6 -6 -6
132 0 1 -6 -6 -6 -6 1 1 -6 -6 -6
133 0 -1 6 6 6 6 6 6 -1 -1 6
135 0 1 6 6 6 6 6 6 1 1 6
136 0 6 6 6 3 6 6 6 3 6 6
137 1 -6 -6 -6 -6 -6 -6 -6 -6 -6 -6
138 0 -1 -6 6 -6 6 -1 6 -6 -1 -128
139 0 -3 -6 -6 -6 -6 -3 -3 -6 -6 -6
140 0 2 6 6 -6 6 6 6 -6 2 6
141 0 -2 -6 6 -6 -6 -2 6 -6 -6 -128
142 0 3 6 6 6 6 6 6 3 3 6
143 0 1 -6 6 -6 6 1 6 -6 1 -128
144 1 6 6 6 6 6 6 6 6 6 6
145 0 -6 -6 -6 -6 -6 -6 -6 -6 -6 -6
146 0 -1 -6 6 -6 -6 -1 6 -6 -6 -128
147 0 -2 -6 -6 -6 -6 -2 -2 -6 -6 -6
148 0 1 -6 6 -6 -6 1 6 -6 -6 -128
149 0 -1 6 6 -6 6 6 6 -6 -1 6
150 0 2 6 6 6 6 6 6 2 2 6
151 0 1 6 6 -6 6 6 6 -6 1 6
152 0 6 6 6 6 6 6 6 6 6 6
153 0 -6 -6 -6 -6 -6 -6 -6 -6 -6 -6
154 0 -2 -6 -6 -6 -6 -2 -2 -6 -6 -6
155 0 -1 6 6 -6 6 6 6 -6 -1 6
156 0 1 6 6 -6 6 6 6 -6 1 6
157 0 -1 -6 6 -6 -6 -1 6 -6 -6 -128
158 0 1 -6 6 -6 -6 1 6 -6 -6 -128
159 0 2 6 6 6 6 6 6 2 2 6
160 0 6 6 6 6 6 6 6 6 6 6
161 0 -6 -6 6 -6 -6 -6 6 -6 -6 -128
162 0 -1 6 6 -6 6 6 6 -6 -1 6
163 0 -1 6 6 -6 -6 6 6 -6 -6 6
164 0 1 6 6 -6 -6 6 6 -6 -6 6
165 0 -1 6 6 -6 -6 6 6 -6 -6 6
166 0 1 6 6 -6 -6 6 6 -6 -6 6
167 0 1 -6 6 -6 -6 1 6 -6 -6 -128
168 0 6 6 6 -6 6 6 6 -6 6 6
169 0 -6 -6 -3 -6 -6 -6 -3 -6 -6 -128
170 0 -1 6 6 6 6 6 6 -1 -1 6
172 0 1 6 6 6 6 6 6 1 1 6
173 0 -1 -6 -6 -6 -6 -1 -1 -6 -6 -6
175 0 1 -6 -6 -6 -6 1 1 -6 -6 -6
176 0 6 6 6 3 6 6 6 3 6 6
177 0 -6 -6 6 -6 -6 -6 6 -6 -6 -128
178 0 -1 6 6 -6 -6 6 6 -6 -6 6
179 0 -1 6 6 -6 -6 6 6 -6 -6 6
180 0 1 -6 6 -6 -6 1 6 -6 -6 -128
181 0 -1 6 6 -6 6 6 6 -6 -1 6
182 0 1 6 6 -6 -6 6 6 -6 -6 6
183 0 1 6 6 -6 -6 6 6 -6 -6 6
184 0 6 6 6 -6 6 6 6 -6 6 6
185 1 -6 -6 -6 -6 -6 -6 -6 -6 -6 -6
186 0 -1 6 6 -6 6 6 6 -6 -1 6
187 0 -2 -6 -6 -6 -6 -2 -2 -6 -6 -6
188 0 2 6 6 6 6 6 6 2 2 6
189 0 -2 -6 -6 -6 -6 -2 -2 -6 -6 -6
190 0 2 6 6 6 6 6 6 2 2 6
191 0 1 -6 6 -6 -6 1 6 -6 -6 -128
192 1 6 6 6 6 6 6 6 6 6 6
193 0 -6 -6 6 -6 -6 -6 6 -6 -6 -128
194 0 -1 6 6 -6 -6 6 6 -6 -6 6
195 0 -1 6 6 -6 6 6 6 -6 -1 6
196 0 1 6 6 -6 -6 6 6 -6 -6 6
197 0 -1 6 6 -6 -6 6 6 -6 -6 6
198 0 1 -6 6 -6 -6 1 6 -6 -6 -128
199 0 1 6 6 -6 -6 6 6 -6 -6 6
200 0 6 6 6 -6 6 6 6 -6 6 6
201 0 -6 -6 -6 -6 -6 -6 -6 -6 -6 -6
202 0 -1 -6 6 -6 -6 -1 6 -6 -6 -128
203 0 -1 6 6 -6 6 6 6 -6 -1 6
204 0 2 6 6 6 6 6 6 2 2 6
205 0 -2 -6 -6 -6 -6 -2 -2 -6 -6 -6
206 0 1 -6 6 -6 -6 1 6 -6 -6 -128
207 0 1 6 6 -6 6 6 6 -6 1 6
208 0 6 6 6 6 6 6 6 6 6 6
209 1 -6 -6 -6 -6 -6 -6 -6 -6 -6 -6
210 0 -1 -6 6 -6 6 -1 6 -6 -1 -128
211 0 -2 -6 6 -6 -6 -2 6 -6 -6 -128
212 0 3 6 6 6 6 6 6 3 3 6
213 0 -3 -6 -6 -6 -6 -3 -3 -6 -6 -6
214 0 2 6 6 -6 6 6 6 -6 2 6
215 0 1 -6 6 -6 6 1 6 -6 1 -128
216 1 6 6 6 6 6 6 6 6 6 6
217 0 -6 -6 -3 -6 -6 -6 -3 -6 -6 -128
218 0 -1 -6 -6 -6 -6 -1 -1 -6 -6 -6
219 0 -1 6 6 6 6 6 6 -1 -1 6
222 0 1 -6 -6 -6 -6 1 1 -6 -6 -6
223 0 1 6 6 6 6 6 6 1 1 6
224 0 6 6 6 3 6 6 6 3 6 6
225 0 -6 -6 6 -6 -6 -6 6 -6 -6 -128
226 0 -1 -6 6 -6 -6 -1 6 -6 -6 -128
227 0 -1 6 6 -6 -6 6 6 -6 -6 6
228 0 1 6 6 -6 6 6 6 -6 1 6
229 0 -1 -6 6 -6 -6 -1 6 -6 -6 -128
230 0 1 6 6 -6 -6 6 6 -6 -6 6
231 0 1 6 6 -6 6 6 6 -6 1 6
232 0 6 6 6 -6 6 6 6 -6 6 6
233 0 -6 -6 6 -6 6 -6 6 -6 -6 -128
235 0 -2 6 6 -6 -6 6 6 -6 -6 6
236 0 0 6 6 -6 -6 6 6 -6 -6 6
237 0 -2 6 6 -6 -6 6 6 -6 -6 6
239 0 0 6 6 3 6 6 6 0 0 6
240 0 2 6 6 -6 6 6 6 -6 2 6
241 0 -2 -6 6 -6 -6 -2 6 -6 -6 -128
242 0 0 -6 -3 -6 -6 0 0 -6 -6 -128
244 0 2 6 6 -6 -6 6 6 -6 -6 6
245 0 0 6 6 -6 -6 6 6 -6 -6 6
246 0 2 6 6 -6 -6 6 6 -6 -6 6
248 0 6 -6 6 -6 6 6 6 -6 6 -128
249 1 -6 -6 -6 -6 -6 -6 -6 -6 -6 -6
250 0 -3 -6 -6 -6 -6 -3 -3 -6 -6 -6
252 0 -1 -6 6 -6 -6 -1 6 -6 -6 -128
253 0 -3 -6 -6 -6 -6 -3 -3 -6 -6 -6
254 0 0 -6 -6 -6 -6 0 0 -6 -6 -6
255 0 -1 -6 6 -6 -6 -1 6 -6 -6 -128
256 0 2 -6 6 -6 6 2 6 -6 2 -128
257 0 -2 -6 6 -6 6 -2 6 -6 -2 -128
258 0 1 6 6 -6 6 6 6 -6 1 6
259 0 0 6 6 6 6 6 6 0 0 6
260 0 3 6 6 6 6 6 6 3 3 6
261 0 1 6 6 -6 6 6 6 -6 1 6
263 0 3 6 6 6 6 6 6 3 3 6
264 1 6 6 6 6 6 6 6 6 6 6
265 0 -6 -6 -3 -6 -3 -6 -3 -6 -6 -128
267 0 -2 6 6 -6 -6 6 6 -6 -6 6
268 0 0 6 6 -6 -6 6 6 -6 -6 6
272 0 2 6 6 -6 -6 6 6 -6 -6 6
273 0 -2 6 6 -6 -6 6 6 -6 -6 6
277 0 0 6 6 -6 -6 6 6 -6 -6 6
278 0 2 6 6 -6 -6 6 6 -6 -6 6
280 0 6 3 6 3 6 6 6 3 6 -128
281 1 -6 -6 -6 -6 -6 -6 -6 -6 -6 -6
282 0 -3 -6 -6 -6 -6 -3 -3 -6 -6 -6
283 0 -2 -6 6 -6 -3 -2 6 -6 -3 -128
284 0 0 -6 6 -6 -6 0 6 -6 -6 -128
286 0 -1 -6 -6 -6 -6 -1 -1 -6 -6 -6
288 0 2 -6 6 -6 -6 2 6 -6 -6 -128
289 0 -2 6 6 -6 6 6 6 -6 -2 6
291 0 1 6 6 6 6 6 6 1 1 6
293 0 0 6 6 -6 6 6 6 -6 0 6
294 0 2 3 6 -6 6 3 6 -6 2 -128
295 0 3 6 6 6 6 6 6 3 3 6
296 1 6 6 6 6 6 6 6 6 6 6
297 1 -6 -6 -6 -6 -6 -6 -6 -6 -6 -6
298 0 -3 -6 6 -6 -6 -3 6 -6 -6 -128
299 0 -3 -6 -6 -6 -6 -3 -3 -6 -6 -6
300 0 0 -6 6 -6 6 0 6 -6 0 -128
301 0 -3 -6 -6 -6 -6 -3 -3 -6 -6 -6
302 0 0 6 6 -6 -6 6 6 -6 -6 6
303 0 0 -6 -6 -6 -6 0 0 -6 -6 -6
304 0 3 6 6 -6 6 6 6 -6 3 6
305 0 -3 -6 6 -6 -6 -3 6 -6 -6 -128
306 0 0 6 6 6 6 6 6 0 0 6
307 0 0 6 6 -6 -6 6 6 -6 -6 6
308 0 3 6 6 6 6 6 6 3 3 6
309 0 0 -6 6 -6 6 0 6 -6 0 -128
310 0 3 6 6 6 6 6 6 3 3 6
311 0 3 6 6 -6 6 6 6 -6 3 6
312 1 6 6 6 6 6 6 6 6 6 6
313 0 -6 -6 6 -6 6 -6 6 -6 -6 -128
314 0 -2 6 6 -6 -6 6 6 -6 -6 6
315 0 -2 6 6 -6 -6 6 6 -6 -6 6
316 0 0 6 6 3 6 6 6 0 0 6
319 0 0 6 6 -6 -6 6 6 -6 -6 6
320 0 2 6 6 -6 6 6 6 -6 2 6
321 0 -2 -6 6 -6 -6 -2 6 -6 -6 -128
322 0 0 6 6 -6 -6 6 6 -6 -6 6
325 0 0 -6 -3 -6 -6 0 0 -6 -6 -128
326 0 2 6 6 -6 -6 6 6 -6 -6 6
327 0 2 6 6 -6 -6 6 6 -6 -6 6
328 0 6 -6 6 -6 6 6 6 -6 6 -128
329 1 -6 -6 -6 -6 -6 -6 -6 -6 -6 -6
331 0 -2 6 6 -6 6 6 6 -6 -2 6
332 0 0 6 6 -6 6 6 6 -6 0 6
333 0 -3 -6 -6 -6 -6 -3 -3 -6 -6 -6
334 0 -1 -6 -6 -6 -6 -1 -1 -6 -6 -6
336 0 2 3 6 -6 6 3 6 -6 2 -128
337 0 -2 -6 6 -6 -3 -2 6 -6 -3 -128
339 0 1 6 6 6 6 6 6 1 1 6
340 0 3 6 6 6 6 6 6 3 3 6
341 0 0 -6 6 -6 -6 0 6 -6 -6 -128
342 0 2 -6 6 -6 -6 2 6 -6 -6 -128
344 1 6 6 6 6 6 6 6 6 6 6
345 0 -6 -6 6 -6 6 -6 6 -6 -6 -128
346 0 -2 6 6 -6 -6 6 6 -6 -6 6
347 0 -2 6 6 -6 -6 6 6 -6 -6 6
348 0 0 6 6 -6 -6 6 6 -6 -6 6
349 0 -2 6 6 -6 -6 6 6 -6 -6 6
350 0 0 0 0 0 0 0 0 0 0 0
351 0 0 6 6 -6 -6 6 6 -6 -6 6
352 0 2 6 6 -6 -6 6 6 -6 -6 6
353 0 -2 6 6 -6 -6 6 6 -6 -6 6
354 0 0 6 6 -6 -6 6 6 -6 -6 6
355 0 0 0 0 0 0 0 0 0 0 0
356 0 2 6 6 -6 -6 6 6 -6 -6 6
357 0 0 6 6 -6 -6 6 6 -6 -6 6
358 0 2 6 6 -6 -6 6 6 -6 -6 6
359 0 2 6 6 -6 -6 6 6 -6 -6 6
360 0 6 -6 6 -6 6 6 6 -6 6 -128
361 1 -6 -6 -6 -6 -6 -6 -6 -6 -6 -6
362 0 -2 6 6 -6 6 6 6 -6 -2 6
364 0 0 6 6 -6 6 6 6 -6 0 6
365 0 -2 -6 6 -6 -3 -2 6 -6 -3 -128
366 0 1 6 6 6 6 6 6 1 1 6
368 0 3 6 6 6 6 6 6 3 3 6
369 0 -3 -6 -6 -6 -6 -3 -3 -6 -6 -6
371 0 -1 -6 -6 -6 -6 -1 -1 -6 -6 -6
372 0 2 3 6 -6 6 3 6 -6 2 -128
373 0 0 -6 6 -6 -6 0 6 -6 -6 -128
375 0 2 -6 6 -6 -6 2 6 -6 -6 -128
376 1 6 6 6 6 6 6 6 6 6 6
377 1 -6 -6 -6 -6 -6 -6 -6 -6 -6 -6
378 0 -3 -6 -6 -6 -6 -3 -3 -6 -6 -6
379 0 -3 -6 6 -6 -6 -3 6 -6 -6 -128
380 0 0 -6 6 -6 6 0 6 -6 0 -128
381 0 -3 -6 6 -6 -6 -3 6 -6 -6 -128
382 0 0 6 6 -6 -6 6 6 -6 -6 6
383 0 0 6 6 6 6 6 6 0 0 6
384 0 3 6 6 6 6 6 6 3 3 6
385 0 -3 -6 -6 -6 -6 -3 -3 -6 -6 -6
386 0 0 -6 -6 -6 -6 0 0 -6 -6 -6
387 0 0 6 6 -6 -6 6 6 -6 -6 6
388 0 3 6 6 -6 6 6 6 -6 3 6
389 0 0 -6 6 -6 6 0 6 -6 0 -128
390 0 3 6 6 -6 6 6 6 -6 3 6
391 0 3 6 6 6 6 6 6 3 3 6
392 1 6 6 6 6 6 6 6 6 6 6
393 1 -6 -6 -6 -6 -6 -6 -6 -6 -6 -6
394 0 -2 -6 6 -6 -3 -2 6 -6 -3 -128
395 0 -3 -6 -6 -6 -6 -3 -3 -6 -6 -6
396 0 0 -6 6 -6 -6 0 6 -6 -6 -128
397 0 -2 6 6 -6 6 6 6 -6 -2 6
398 0 1 6 6 6 6 6 6 1 1 6
403 0 -1 -6 -6 -6 -6 -1 -1 -6 -6 -6
404 0 2 -6 6 -6 -6 2 6 -6 -6 -128
405 0 0 6 6 -6 6 6 6 -6 0 6
406 0 3 6 6 6 6 6 6 3 3 6
407 0 2 3 6 -6 6 3 6 -6 2 -128
408 1 6 6 6 6 6 6 6 6 6 6
409 0 -6 -6 -3 -6 -3 -6 -3 -6 -6 -128
410 0 -2 6 6 -6 -6 6 6 -6 -6 6
412 0 0 6 6 -6 -6 6 6 -6 -6 6
413 0 -2 6 6 -6 -6 6 6 -6 -6 6
420 0 2 6 6 -6 -6 6 6 -6 -6 6
421 0 0 6 6 -6 -6 6 6 -6 -6 6
423 0 2 6 6 -6 -6 6 6 -6 -6 6
424 0 6 3 6 3 6 6 6 3 6 -128
425 0 -6 -6 6 -6 6 -6 6 -6 -6 -128
426 0 -2 -6 6 -6 -6 -2 6 -6 -6 -128
428 0 0 -6 -3 -6 -6 0 0 -6 -6 -128
429 0 -2 6 6 -6 -6 6 6 -6 -6 6
431 0 0 6 6 -6 -6 6 6 -6 -6 6
432 0 2 6 6 -6 -6 6 6 -6 -6 6
433 0 -2 6 6 -6 -6 6 6 -6 -6 6
434 0 0 6 6 -6 -6 6 6 -6 -6 6
436 0 2 6 6 -6 -6 6 6 -6 -6 6
437 0 0 6 6 3 6 6 6 0 0 6
439 0 2 6 6 -6 6 6 6 -6 2 6
440 0 6 -6 6 -6 6 6 6 -6 6 -128
441 1 -6 -6 -6 -6 -6 -6 -6 -6 -6 -6
442 0 -2 -6 6 -6 6 -2 6 -6 -2 -128
443 0 -3 -6 -6 -6 -6 -3 -3 -6 -6 -6
444 0 1 6 6 -6 6 6 6 -6 1 6
446 0 0 6 6 6 6 6 6 0 0 6
447 0 -1 -6 6 -6 -6 -1 6 -6 -6 -128
448 0 3 6 6 6 6 6 6 3 3 6
449 0 -3 -6 -6 -6 -6 -3 -3 -6 -6 -6
450 0 1 6 6 -6 6 6 6 -6 1 6
451 0 0 -6 -6 -6 -6 0 0 -6 -6 -6
453 0 -1 -6 6 -6 -6 -1 6 -6 -6 -128
454 0 3 6 6 6 6 6 6 3 3 6
455 0 2 -6 6 -6 6 2 6 -6 2 -128
456 1 6 6 6 6 6 6 6 6 6 6
457 0 -6 -6 6 -6 6 -6 6 -6 -6 -128
458 0 -2 -6 6 -6 -6 -2 6 -6 -6 -128
459 0 -2 6 6 -6 -6 6 6 -6 -6 6
460 0 0 6 6 -6 -6 6 6 -6 -6 6
461 0 -2 6 6 -6 -6 6 6 -6 -6 6
463 0 0 6 6 3 6 6 6 0 0 6
466 0 0 -6 -3 -6 -6 0 0 -6 -6 -128
468 0 2 6 6 -6 -6 6 6 -6 -6 6
469 0 0 6 6 -6 -6 6 6 -6 -6 6
470 0 2 6 6 -6 -6 6 6 -6 -6 6
471 0 2 6 6 -6 6 6 6 -6 2 6
472 0 6 -6 6 -6 6 6 6 -6 6 -128
473 0 -6 -6 6 -6 6 -6 6 -6 -6 -128
477 0 -3 -6 -3 -6 -3 -3 -3 -6 -3 -128
479 0 -1 3 6 -6 6 3 6 -6 -1 -128
480 0 1 -6 6 -6 6 1 6 -6 1 -128
488 0 3 -6 6 -6 6 3 6 -6 3 -128
489 0 -3 -6 6 -6 6 -3 6 -6 -3 -128
497 0 -1 -6 6 -6 6 -1 6 -6 -1 -128
498 0 1 -6 6 -6 -3 1 6 -6 -3 -128
500 0 3 3 6 3 6 3 6 3 3 -128
504 0 6 -6 6 -6 6 6 6 -6 6 -128
505 0 -6 -6 6 -6 6 -6 6 -6 -6 -128
507 0 -3 6 6 -6 6 6 6 -6 -3 6
508 0 -1 6 6 -6 6 6 6 -6 -1 6
511 0 -1 6 6 -6 6 6 6 -6 -1 6
512 0 1 6 6 -6 6 6 6 -6 1 6
513 0 -3 -6 6 -6 6 -3 6 -6 -3 -128
514 0 -1 3 6 -6 -3 3 6 -6 -3 -128
516 0 1 3 6 -6 -3 3 6 -6 -3 -128
520 0 3 -6 6 -6 6 3 6 -6 3 -128
521 0 -3 -6 6 -6 6 -3 6 -6 -3 -128
525 0 -1 3 6 -6 -3 3 6 -6 -3 -128
527 0 1 3 6 -6 -3 3 6 -6 -3 -128
528 0 3 -6 6 -6 6 3 6 -6 3 -128
529 0 -1 -6 6 -6 -6 -1 6 -6 -6 -128
530 0 1 -6 6 -6 -6 1 6 -6 -6 -128
533 0 1 -6 6 -6 -6 1 6 -6 -6 -128
534 0 3 -6 6 -6 -6 3 6 -6 -6 -128
536 0 6 -6 6 -6 6 6 6 -6 6 -128
537 0 -6 -6 6 -6 6 -6 6 -6 -6 -128
538 0 -3 -6 -3 -6 -3 -3 -3 -6 -3 -128
540 0 -1 3 6 -6 6 3 6 -6 -1 -128
544 0 1 -6 6 -6 6 1 6 -6 1 -128
545 0 -3 -6 6 -6 6 -3 6 -6 -3 -128
560 0 3 -6 6 -6 6 3 6 -6 3 -128
561 0 -1 -6 6 -6 6 -1 6 -6 -1 -128
565 0 1 -6 6 -6 -3 1 6 -6 -3 -128
567 0 3 3 6 3 6 3 6 3 3 -128
568 0 6 -6 6 -6 6 6 6 -6 6 -128
569 0 -6 -6 6 -6 6 -6 6 -6 -6 -128
571 0 -3 -6 6 -6 6 -3 6 -6 -3 -128
572 0 -1 -6 6 -6 6 -1 6 -6 -1 -128
576 0 1 -6 6 -6 -3 1 6 -6 -3 -128
584 0 3 3 6 3 6 3 6 3 3 -128
585 0 -3 -6 -3 -6 -3 -3 -3 -6 -3 -128
593 0 -1 3 6 -6 6 3 6 -6 -1 -128
597 0 1 -6 6 -6 6 1 6 -6 1 -128
598 0 3 -6 6 -6 6 3 6 -6 3 -128
600 0 6 -6 6 -6 6 6 6 -6 6 -128
601 0 -6 -6 6 -6 6 -6 6 -6 -6 -128
602 0 -3 -6 6 -6 6 -3 6 -6 -3 -128
603 0 -3 -6 6 -6 6 -3 6 -6 -3 -128
604 0 -1 -6 6 -6 -6 -1 6 -6 -6 -128
606 0 -1 3 6 -6 -3 3 6 -6 -3 -128
608 0 1 -6 6 -6 -6 1 6 -6 -6 -128
609 0 -3 6 6 -6 6 6 6 -6 -3 6
613 0 -1 6 6 -6 6 6 6 -6 -1 6
614 0 1 3 6 -6 -3 3 6 -6 -3 -128
619 0 -1 3 6 -6 -3 3 6 -6 -3 -128
620 0 1 -6 6 -6 -6 1 6 -6 -6 -128
624 0 3 -6 6 -6 -6 3 6 -6 -6 -128
625 0 -1 6 6 -6 6 6 6 -6 -1 6
627 0 1 3 6 -6 -3 3 6 -6 -3 -128
629 0 1 6 6 -6 6 6 6 -6 1 6
630 0 3 -6 6 -6 6 3 6 -6 3 -128
631 0 3 -6 6 -6 6 3 6 -6 3 -128
632 0 6 -6 6 -6 6 6 6 -6 6 -128
633 0 -6 -6 6 -6 6 -6 6 -6 -6 -128
634 0 -3 -6 6 -6 6 -3 6 -6 -3 -128
636 0 -1 -6 6 -6 6 -1 6 -6 -1 -128
637 0 -3 -6 -3 -6 -3 -3 -3 -6 -3 -128
645 0 -1 3 6 -6 6 3 6 -6 -1 -128
652 0 1 -6 6 -6 -3 1 6 -6 -3 -128
660 0 3 3 6 3 6 3 6 3 3 -128
661 0 1 -6 6 -6 6 1 6 -6 1 -128
663 0 3 -6 6 -6 6 3 6 -6 3 -128
664 0 6 -6 6 -6 6 6 6 -6 6 -128
